0 14
1 14
2 14
3 14
4 13
4 14
5 14
6 14
7 14
8 13
9 14
10 14
11 14
12 14
13 14
14 14
8 14
0 13
1 12
1 11
2 12
2 13
6 13
7 12
8 12
3 12
4 12
2 10
2 9
3 10
3 11
9 12
10 12
10 13
8 10
7 11
9 10
9 11
8 9
3 8
4 8
5 8
6 8
7 8
8 8
12 13
13 12
13 11
14 10
14 9
16 12
16 14
15 14
14 13
16 13
17 14
18 14
19 14
20 14
21 14
22 14
23 14
18 13
19 12
19 11
20 10
20 9
22 13
20 13
20 12
21 12
21 10
22 12
15 11
15 10
14 12
15 12
21 11
17 8
18 8
19 8
20 8
16 8
4 6
4 5
3 7
5 4
5 3
6 4
6 5
6 6
7 6
5 7
5 6
7 7
15 8
15 7
16 6
16 5
17 4
17 3
18 4
18 5
19 6
19 7
18 6
17 6
17 7
6 2
7 2
8 2
9 2
10 2
11 2
12 2
13 2
14 2
15 2
16 2
17 2
7 0
6 1
8 -2
7 -1
8 -3
9 -4
9 -5
10 -6
11 -8
11 -9
14 -4
15 -2
15 -1
16 0
16 1
15 0
14 -3
13 -5
13 -6
12 -8
12 -6
12 -7
11 -6
11 -5
11 -4
10 -4
9 -2
9 -1
8 0
8 1
10 1
14 1
14 -2
13 -4
9 0
10 0
14 0
13 0
13 -1
12 -4
10 -7
12 1
24.0 14.0
25.0 14.0
26.0 14.0
27.0 14.0
28.0 14.0
29.0 14.0
30.0 14.0
31.0 14.0
32.0 14.0
33.0 14.0
34.0 14.0
35.0 14.0
36.0 14.0
25.0 12.0
25.0 11.0
26.0 10.0
26.0 9.0
27.0 8.0
27.0 7.0
28.0 6.0
28.0 5.0
29.0 4.0
29.0 3.0
30.0 1.0
31.0 0.0
31.0 -1.0
32.0 -2.0
32.0 -3.0
33.0 -4.0
34.0 -6.0
34.0 -7.0
35.0 -8.0
40.0 1.0
43.0 11.0
43.0 12.0
44.0 13.0
44.0 14.0
41.0 14.0
40.0 14.0
39.0 14.0
38.0 14.0
37.0 14.0
42.0 14.0
43.0 14.0
12.0 -10.0
14.0 -14.0
13.0 -12.0
12.0 -11.0
13.0 -13.0
14.0 -15.0
15.0 -16.0
15.0 -17.0
16.0 -19.0
18.0 -22.0
17.0 -21.0
17.0 -20.0
16.0 -18.0
17.0 -18.0
18.0 -23.0
19.0 -24.0
19.0 -25.0
20.0 -26.0
21.0 -28.0
34.0 -10.0
33.0 -10.0
33.0 -12.0
32.0 -12.0
31.0 -13.0
30.0 -16.0
29.0 -18.0
29.0 -20.0
28.0 -22.0
27.0 -24.0
26.0 -24.0
26.0 -26.0
24.0 -28.0
23.0 -30.0
22.0 -30.0
23.0 -32.0
24.0 -31.0
24.0 -30.0
14.0 -10.0
16.0 -10.0
15.0 -12.0
17.0 -10.0
18.0 -10.0
24.0 13.0
26.0 12.0
27.0 12.0
26.0 13.0
27.0 11.0
27.0 10.0
28.0 12.0
28.0 13.0
28.0 8.0
29.0 8.0
29.0 6.0
29.0 7.0
30.0 4.0
30.0 5.0
30.0 6.0
31.0 6.0
31.0 7.0
30.0 8.0
31.0 8.0
32.0 8.0
30.0 13.0
31.0 12.0
31.0 11.0
32.0 10.0
32.0 9.0
32.0 12.0
33.0 12.0
33.0 10.0
33.0 11.0
34.0 12.0
34.0 13.0
32.0 13.0
36.0 13.0
37.0 12.0
37.0 11.0
38.0 10.0
38.0 9.0
39.0 10.0
39.0 11.0
40.0 12.0
40.0 13.0
38.0 12.0
39.0 12.0
38.0 13.0
42.0 13.0
45.0 14.0
46.0 14.0
44.0 10.0
44.0 9.0
45.0 10.0
45.0 11.0
45.0 12.0
44.0 12.0
46.0 12.0
46.0 13.0
47.0 14.0
44.0 8.0
43.0 6.0
42.0 5.0
42.0 4.0
41.0 3.0
41.0 2.0
40.0 0.0
39.0 -1.0
39.0 -2.0
38.0 -3.0
38.0 -4.0
37.0 -5.0
37.0 -6.0
36.0 -7.0
36.0 -8.0
33.0 -5.0
35.0 -9.0
43.0 7.0
39.0 8.0
40.0 8.0
41.0 8.0
42.0 8.0
43.0 8.0
39.0 7.0
40.0 6.0
40.0 5.0
41.0 4.0
41.0 6.0
42.0 6.0
41.0 7.0
30.0 2.0
31.0 2.0
32.0 2.0
33.0 2.0
34.0 2.0
35.0 2.0
36.0 2.0
37.0 2.0
38.0 2.0
39.0 2.0
40.0 2.0
32.0 0.0
33.0 0.0
33.0 -2.0
33.0 -1.0
34.0 0.0
34.0 1.0
32.0 1.0
36.0 1.0
37.0 0.0
37.0 -1.0
38.0 -2.0
38.0 0.0
38.0 1.0
39.0 0.0
34.0 -4.0
35.0 -4.0
36.0 -4.0
37.0 -4.0
35.0 -6.0
36.0 -6.0
35.0 -5.0
13.0 -10.0
15.0 -10.0
19.0 -10.0
20.0 -10.0
21.0 -10.0
22.0 -10.0
23.0 -10.0
24.0 -10.0
25.0 -10.0
26.0 -10.0
27.0 -10.0
28.0 -10.0
29.0 -10.0
30.0 -10.0
31.0 -10.0
32.0 -10.0
35.0 -10.0
34.0 -11.0
34.0 -12.0
33.0 -13.0
33.0 -14.0
32.0 -14.0
32.0 -15.0
32.0 -16.0
31.0 -16.0
31.0 -17.0
31.0 -18.0
30.0 -18.0
30.0 -19.0
30.0 -20.0
29.0 -21.0
29.0 -22.0
28.0 -23.0
27.0 -25.0
26.0 -27.0
28.0 -24.0
27.0 -26.0
20.0 -27.0
21.0 -29.0
22.0 -31.0
26.0 -28.0
25.0 -28.0
25.0 -30.0
24.0 -32.0
23.0 -33.0
25.0 -29.0
23.0 -29.0
22.0 -28.0
23.0 -28.0
21.0 -26.0
21.0 -25.0
21.0 -24.0
22.0 -24.0
20.0 -24.0
19.0 -22.0
20.0 -22.0
21.0 -22.0
22.0 -22.0
23.0 -22.0
24.0 -22.0
25.0 -22.0
26.0 -22.0
27.0 -22.0
25.0 -25.0
25.0 -24.0
24.0 -23.0
22.0 -23.0
20.0 -23.0
26.0 -23.0
14.0 -11.0
14.0 -12.0
15.0 -14.0
15.0 -13.0
16.0 -12.0
16.0 -11.0
18.0 -11.0
19.0 -12.0
19.0 -13.0
20.0 -14.0
20.0 -12.0
21.0 -12.0
20.0 -11.0
22.0 -12.0
21.0 -13.0
21.0 -14.0
20.0 -15.0
22.0 -11.0
16.0 -16.0
17.0 -16.0
18.0 -16.0
19.0 -16.0
20.0 -16.0
17.0 -17.0
19.0 -17.0
19.0 -18.0
18.0 -18.0
18.0 -20.0
18.0 -19.0
24.0 -11.0
25.0 -12.0
25.0 -13.0
26.0 -14.0
26.0 -15.0
27.0 -16.0
27.0 -17.0
28.0 -18.0
28.0 -19.0
29.0 -16.0
28.0 -16.0
29.0 -17.0
27.0 -14.0
27.0 -13.0
27.0 -12.0
28.0 -12.0
28.0 -11.0
31.0 -12.0
30.0 -11.0
32.0 -11.0
26.0 -12.0
26.0 -11.0
24.0 -35.0
24.0 -34.0
25.0 -34.0
26.0 -34.0
27.0 -34.0
28.0 -34.0
29.0 -34.0
30.0 -34.0
31.0 -34.0
32.0 -34.0
33.0 -34.0
34.0 -34.0
35.0 -34.0
36.0 -34.0
37.0 -34.0
38.0 -34.0
39.0 -34.0
40.0 -34.0
41.0 -34.0
42.0 -34.0
43.0 -34.0
44.0 -34.0
45.0 -34.0
46.0 -34.0
47.0 -34.0
48.0 -34.0
49.0 -34.0
50.0 -34.0
51.0 -34.0
52.0 -34.0
53.0 -34.0
54.0 -34.0
55.0 -34.0
56.0 -34.0
57.0 -34.0
58.0 -34.0
59.0 -34.0
60.0 -34.0
61.0 -34.0
62.0 -34.0
63.0 -34.0
64.0 -34.0
65.0 -34.0
66.0 -34.0
67.0 -34.0
68.0 -34.0
69.0 -34.0
70.0 -34.0
71.0 -34.0
48.0 14.0
49.0 14.0
50.0 14.0
51.0 14.0
52.0 14.0
53.0 14.0
54.0 14.0
55.0 14.0
56.0 14.0
57.0 14.0
58.0 14.0
59.0 14.0
60.0 14.0
61.0 14.0
62.0 14.0
63.0 14.0
64.0 14.0
65.0 14.0
66.0 14.0
67.0 14.0
68.0 14.0
69.0 14.0
70.0 14.0
71.0 14.0
72.0 14.0
73.0 14.0
74.0 14.0
75.0 14.0
76.0 14.0
77.0 14.0
78.0 14.0
79.0 14.0
80.0 14.0
81.0 14.0
82.0 14.0
83.0 14.0
84.0 14.0
85.0 14.0
86.0 14.0
87.0 14.0
88.0 14.0
89.0 14.0
90.0 14.0
48.0 13.0
49.0 12.0
49.0 11.0
50.0 10.0
50.0 9.0
51.0 8.0
51.0 7.0
52.0 6.0
53.0 4.0
53.0 3.0
52.0 5.0
54.0 2.0
55.0 0.0
54.0 1.0
56.0 -2.0
57.0 -4.0
55.0 -1.0
56.0 -3.0
57.0 -5.0
58.0 -6.0
58.0 -7.0
59.0 -8.0
59.0 -9.0
60.0 -10.0
60.0 -11.0
61.0 -12.0
61.0 -13.0
62.0 -14.0
62.0 -15.0
63.0 -16.0
63.0 -17.0
64.0 -18.0
64.0 -19.0
65.0 -20.0
65.0 -21.0
66.0 -22.0
66.0 -23.0
67.0 -24.0
67.0 -25.0
68.0 -26.0
68.0 -27.0
69.0 -28.0
69.0 -29.0
70.0 -30.0
70.0 -31.0
71.0 -32.0
71.0 -33.0
73.0 -30.0
73.0 -29.0
74.0 -28.0
74.0 -27.0
75.0 -26.0
75.0 -25.0
76.0 -24.0
76.0 -23.0
77.0 -22.0
77.0 -21.0
78.0 -20.0
78.0 -19.0
79.0 -18.0
79.0 -17.0
80.0 -15.0
81.0 -14.0
81.0 -13.0
82.0 -11.0
91.0 14.0
92.0 14.0
88.0 0.0
87.0 -2.0
86.0 -3.0
86.0 -4.0
85.0 -6.0
84.0 -7.0
84.0 -8.0
83.0 -10.0
82.0 -12.0
25.0 -36.0
25.0 -37.0
26.0 -38.0
26.0 -39.0
27.0 -41.0
28.0 -43.0
27.0 -40.0
28.0 -42.0
29.0 -44.0
29.0 -45.0
30.0 -46.0
30.0 -47.0
31.0 -48.0
31.0 -49.0
32.0 -50.0
32.0 -51.0
33.0 -52.0
33.0 -53.0
34.0 -55.0
35.0 -57.0
36.0 -59.0
34.0 -54.0
35.0 -56.0
36.0 -58.0
37.0 -60.0
37.0 -61.0
38.0 -62.0
38.0 -63.0
39.0 -64.0
39.0 -65.0
40.0 -66.0
40.0 -67.0
41.0 -68.0
41.0 -69.0
42.0 -70.0
42.0 -71.0
43.0 -72.0
43.0 -73.0
44.0 -74.0
44.0 -75.0
45.0 -76.0
46.0 -78.0
46.0 -79.0
45.0 -77.0
72.0 -32.0
72.0 -31.0
80.0 -16.0
89.0 2.0
90.0 4.0
91.0 6.0
92.0 8.0
92.0 9.0
93.0 10.0
94.0 13.0
94.0 14.0
94.0 12.0
95.0 14.0
93.0 14.0
91.0 7.0
90.0 5.0
89.0 3.0
87.0 -1.0
85.0 -5.0
83.0 -9.0
71.0 -30.0
72.0 -30.0
70.0 -28.0
71.0 -28.0
72.0 -28.0
73.0 -28.0
71.0 -29.0
69.0 -26.0
69.0 -25.0
70.0 -24.0
70.0 -23.0
74.0 -26.0
73.0 -25.0
73.0 -24.0
73.0 -22.0
72.0 -22.0
72.0 -23.0
71.0 -22.0
70.0 -22.0
69.0 -22.0
68.0 -22.0
67.0 -22.0
68.0 -24.0
69.0 -24.0
68.0 -23.0
74.0 -22.0
75.0 -22.0
76.0 -22.0
75.0 -24.0
74.0 -24.0
74.0 -23.0
70.0 -35.0
70.0 -36.0
69.0 -37.0
69.0 -38.0
68.0 -39.0
68.0 -40.0
67.0 -41.0
67.0 -42.0
66.0 -43.0
66.0 -44.0
65.0 -45.0
65.0 -46.0
64.0 -47.0
64.0 -48.0
63.0 -49.0
63.0 -50.0
62.0 -51.0
62.0 -52.0
61.0 -53.0
61.0 -54.0
60.0 -55.0
60.0 -56.0
59.0 -57.0
59.0 -58.0
58.0 -59.0
58.0 -60.0
57.0 -61.0
57.0 -62.0
56.0 -63.0
56.0 -64.0
55.0 -65.0
55.0 -66.0
54.0 -67.0
54.0 -68.0
53.0 -69.0
53.0 -70.0
52.0 -71.0
51.0 -73.0
51.0 -74.0
50.0 -76.0
50.0 -75.0
49.0 -78.0
49.0 -77.0
48.0 -79.0
48.0 -80.0
47.0 -80.0
47.0 -81.0
52.0 -72.0
50.0 12.0
51.0 12.0
51.0 10.0
51.0 11.0
52.0 12.0
52.0 13.0
50.0 13.0
52.0 8.0
53.0 8.0
54.0 8.0
54.0 13.0
55.0 12.0
56.0 10.0
56.0 9.0
56.0 8.0
55.0 8.0
57.0 10.0
58.0 12.0
56.0 12.0
57.0 12.0
55.0 11.0
56.0 13.0
58.0 13.0
57.0 11.0
55.0 7.0
55.0 6.0
54.0 4.0
53.0 6.0
54.0 6.0
54.0 5.0
53.0 7.0
60.0 13.0
61.0 12.0
61.0 11.0
62.0 10.0
62.0 9.0
63.0 8.0
62.0 12.0
63.0 12.0
64.0 12.0
63.0 10.0
63.0 11.0
64.0 13.0
62.0 13.0
66.0 13.0
67.0 12.0
67.0 11.0
68.0 10.0
68.0 9.0
64.0 8.0
65.0 8.0
66.0 8.0
67.0 8.0
68.0 8.0
69.0 10.0
69.0 11.0
70.0 12.0
70.0 13.0
68.0 12.0
69.0 12.0
68.0 13.0
55.0 2.0
56.0 2.0
57.0 2.0
58.0 2.0
59.0 2.0
60.0 2.0
61.0 2.0
62.0 2.0
63.0 2.0
63.0 7.0
64.0 6.0
64.0 5.0
65.0 4.0
65.0 3.0
65.0 2.0
66.0 4.0
67.0 6.0
66.0 5.0
65.0 6.0
66.0 6.0
65.0 7.0
67.0 7.0
64.0 2.0
64.0 1.0
64.0 0.0
63.0 -1.0
63.0 -2.0
62.0 -3.0
62.0 -4.0
61.0 -5.0
61.0 -6.0
60.0 -6.0
60.0 -7.0
60.0 -8.0
56.0 0.0
57.0 0.0
57.0 -2.0
57.0 -1.0
58.0 0.0
58.0 1.0
56.0 1.0
58.0 -4.0
59.0 -4.0
60.0 -4.0
61.0 -4.0
59.0 -6.0
59.0 -5.0
61.0 -1.0
61.0 0.0
60.0 1.0
62.0 -2.0
62.0 0.0
63.0 0.0
62.0 1.0
61.0 -10.0
62.0 -10.0
63.0 -10.0
64.0 -10.0
65.0 -10.0
66.0 -10.0
67.0 -10.0
68.0 -10.0
69.0 -10.0
70.0 -10.0
71.0 -10.0
72.0 -10.0
73.0 -10.0
74.0 -10.0
75.0 -10.0
76.0 -10.0
77.0 -10.0
78.0 -10.0
79.0 -10.0
80.0 -10.0
81.0 -10.0
82.0 -10.0
83.0 -8.0
82.0 -7.0
82.0 -6.0
81.0 -5.0
81.0 -4.0
80.0 -3.0
80.0 -2.0
79.0 -1.0
79.0 0.0
72.0 13.0
73.0 12.0
73.0 11.0
74.0 10.0
74.0 9.0
75.0 8.0
75.0 7.0
76.0 6.0
77.0 4.0
77.0 3.0
78.0 2.0
76.0 5.0
78.0 1.0
74.0 12.0
75.0 12.0
75.0 10.0
75.0 11.0
76.0 12.0
76.0 13.0
74.0 13.0
76.0 8.0
77.0 8.0
78.0 8.0
79.0 8.0
78.0 13.0
79.0 12.0
79.0 11.0
80.0 10.0
80.0 9.0
80.0 8.0
81.0 10.0
81.0 11.0
82.0 12.0
82.0 13.0
80.0 12.0
81.0 12.0
80.0 13.0
79.0 7.0
79.0 6.0
78.0 5.0
78.0 4.0
77.0 6.0
78.0 6.0
77.0 7.0
79.0 2.0
80.0 2.0
81.0 2.0
82.0 2.0
84.0 2.0
85.0 2.0
86.0 2.0
87.0 2.0
88.0 2.0
83.0 2.0
84.0 13.0
85.0 12.0
85.0 11.0
86.0 10.0
86.0 9.0
87.0 8.0
88.0 6.0
89.0 4.0
88.0 5.0
87.0 7.0
86.0 12.0
87.0 12.0
86.0 13.0
88.0 13.0
88.0 12.0
87.0 11.0
87.0 10.0
88.0 8.0
89.0 8.0
90.0 8.0
91.0 8.0
89.0 7.0
89.0 6.0
90.0 6.0
90.0 13.0
91.0 12.0
91.0 11.0
92.0 10.0
92.0 12.0
93.0 12.0
93.0 11.0
92.0 13.0
80.0 0.0
81.0 0.0
82.0 0.0
80.0 1.0
82.0 1.0
81.0 -1.0
81.0 -2.0
82.0 -4.0
83.0 -4.0
84.0 -4.0
85.0 -4.0
84.0 -6.0
83.0 -6.0
83.0 -5.0
86.0 -2.0
85.0 -1.0
85.0 0.0
84.0 1.0
86.0 0.0
87.0 0.0
86.0 1.0
88.0 1.0
62.0 -12.0
63.0 -12.0
63.0 -14.0
63.0 -13.0
64.0 -12.0
64.0 -11.0
62.0 -11.0
64.0 -16.0
65.0 -16.0
66.0 -16.0
67.0 -16.0
66.0 -11.0
67.0 -12.0
67.0 -13.0
68.0 -14.0
68.0 -15.0
68.0 -16.0
69.0 -14.0
69.0 -13.0
69.0 -12.0
70.0 -12.0
70.0 -11.0
68.0 -12.0
68.0 -11.0
66.0 -20.0
66.0 -19.0
66.0 -18.0
67.0 -18.0
67.0 -17.0
65.0 -18.0
65.0 -17.0
72.0 -11.0
73.0 -12.0
73.0 -13.0
74.0 -14.0
74.0 -15.0
77.0 -20.0
76.0 -19.0
76.0 -18.0
75.0 -17.0
75.0 -16.0
74.0 -12.0
75.0 -12.0
74.0 -11.0
76.0 -11.0
76.0 -12.0
75.0 -13.0
75.0 -14.0
76.0 -16.0
77.0 -16.0
78.0 -16.0
79.0 -16.0
77.0 -18.0
78.0 -18.0
77.0 -17.0
79.0 -13.0
78.0 -11.0
79.0 -12.0
80.0 -12.0
81.0 -12.0
80.0 -11.0
80.0 -14.0
47.0 -78.0
48.0 -78.0
46.0 -76.0
47.0 -76.0
48.0 -76.0
49.0 -76.0
47.0 -77.0
45.0 -74.0
45.0 -73.0
46.0 -72.0
46.0 -71.0
44.0 -72.0
45.0 -72.0
43.0 -70.0
44.0 -70.0
45.0 -70.0
46.0 -70.0
47.0 -70.0
48.0 -70.0
49.0 -70.0
50.0 -70.0
51.0 -70.0
52.0 -70.0
44.0 -71.0
51.0 -72.0
50.0 -72.0
49.0 -72.0
50.0 -74.0
49.0 -73.0
48.0 -71.0
50.0 -71.0
42.0 -68.0
42.0 -67.0
43.0 -66.0
43.0 -65.0
41.0 -66.0
42.0 -66.0
40.0 -64.0
41.0 -64.0
42.0 -64.0
43.0 -64.0
44.0 -64.0
26.0 -35.0
27.0 -36.0
26.0 -36.0
27.0 -38.0
27.0 -37.0
28.0 -36.0
28.0 -35.0
28.0 -40.0
29.0 -40.0
30.0 -40.0
30.0 -35.0
31.0 -36.0
31.0 -37.0
32.0 -38.0
32.0 -39.0
31.0 -40.0
32.0 -40.0
33.0 -38.0
33.0 -37.0
33.0 -36.0
34.0 -35.0
34.0 -36.0
32.0 -36.0
32.0 -35.0
31.0 -41.0
31.0 -42.0
30.0 -43.0
30.0 -44.0
29.0 -42.0
30.0 -42.0
29.0 -41.0
31.0 -46.0
32.0 -46.0
33.0 -46.0
34.0 -46.0
35.0 -46.0
36.0 -46.0
37.0 -46.0
36.0 -35.0
37.0 -36.0
38.0 -38.0
38.0 -39.0
39.0 -40.0
39.0 -41.0
40.0 -42.0
41.0 -44.0
41.0 -45.0
40.0 -46.0
39.0 -46.0
38.0 -46.0
41.0 -46.0
40.0 -43.0
37.0 -37.0
38.0 -36.0
39.0 -36.0
40.0 -36.0
39.0 -38.0
39.0 -37.0
40.0 -35.0
38.0 -35.0
40.0 -40.0
41.0 -40.0
42.0 -40.0
43.0 -40.0
42.0 -35.0
43.0 -36.0
43.0 -37.0
44.0 -38.0
44.0 -39.0
44.0 -40.0
45.0 -38.0
45.0 -37.0
46.0 -36.0
46.0 -35.0
44.0 -36.0
45.0 -36.0
44.0 -35.0
43.0 -41.0
43.0 -42.0
42.0 -44.0
41.0 -42.0
42.0 -42.0
41.0 -41.0
42.0 -43.0
40.0 -47.0
40.0 -48.0
39.0 -48.0
39.0 -49.0
39.0 -50.0
38.0 -50.0
38.0 -51.0
38.0 -52.0
37.0 -52.0
37.0 -53.0
37.0 -54.0
36.0 -54.0
36.0 -55.0
36.0 -56.0
32.0 -48.0
33.0 -48.0
33.0 -50.0
34.0 -48.0
33.0 -49.0
34.0 -47.0
34.0 -52.0
35.0 -52.0
36.0 -52.0
35.0 -54.0
35.0 -53.0
37.0 -49.0
37.0 -48.0
36.0 -47.0
38.0 -47.0
38.0 -48.0
32.0 -47.0
37.0 -58.0
38.0 -58.0
39.0 -58.0
40.0 -58.0
41.0 -58.0
42.0 -58.0
43.0 -58.0
44.0 -58.0
45.0 -58.0
46.0 -58.0
47.0 -58.0
48.0 -58.0
50.0 -58.0
51.0 -58.0
52.0 -58.0
49.0 -58.0
53.0 -58.0
54.0 -58.0
55.0 -58.0
56.0 -58.0
57.0 -58.0
58.0 -58.0
38.0 -60.0
39.0 -60.0
39.0 -62.0
39.0 -61.0
40.0 -60.0
40.0 -59.0
38.0 -59.0
42.0 -59.0
43.0 -60.0
43.0 -61.0
44.0 -62.0
44.0 -63.0
45.0 -62.0
45.0 -61.0
45.0 -60.0
46.0 -60.0
46.0 -59.0
44.0 -60.0
44.0 -59.0
41.0 -65.0
53.0 -68.0
52.0 -67.0
52.0 -66.0
51.0 -65.0
51.0 -64.0
50.0 -63.0
50.0 -62.0
49.0 -61.0
49.0 -60.0
48.0 -59.0
50.0 -60.0
51.0 -60.0
51.0 -62.0
51.0 -61.0
52.0 -60.0
52.0 -59.0
50.0 -59.0
52.0 -64.0
53.0 -64.0
54.0 -64.0
55.0 -64.0
53.0 -66.0
54.0 -66.0
53.0 -65.0
55.0 -61.0
56.0 -62.0
55.0 -60.0
56.0 -60.0
57.0 -60.0
56.0 -59.0
54.0 -59.0
69.0 -36.0
68.0 -36.0
67.0 -36.0
68.0 -38.0
67.0 -37.0
67.0 -40.0
66.0 -40.0
65.0 -40.0
64.0 -40.0
63.0 -40.0
64.0 -35.0
64.0 -36.0
63.0 -38.0
62.0 -39.0
62.0 -38.0
61.0 -37.0
61.0 -36.0
62.0 -35.0
63.0 -36.0
62.0 -36.0
60.0 -35.0
66.0 -35.0
68.0 -35.0
63.0 -37.0
58.0 -35.0
58.0 -36.0
57.0 -38.0
57.0 -37.0
64.0 -42.0
64.0 -43.0
65.0 -44.0
65.0 -42.0
63.0 -41.0
66.0 -42.0
65.0 -41.0
64.0 -46.0
63.0 -46.0
62.0 -46.0
61.0 -46.0
60.0 -46.0
59.0 -46.0
58.0 -46.0
57.0 -46.0
56.0 -46.0
55.0 -46.0
56.0 -39.0
56.0 -40.0
55.0 -40.0
55.0 -41.0
55.0 -42.0
54.0 -43.0
54.0 -44.0
53.0 -45.0
54.0 -46.0
48.0 -35.0
49.0 -36.0
49.0 -37.0
50.0 -38.0
50.0 -39.0
51.0 -40.0
51.0 -41.0
52.0 -42.0
52.0 -43.0
53.0 -44.0
50.0 -36.0
51.0 -36.0
50.0 -35.0
52.0 -35.0
52.0 -36.0
51.0 -37.0
51.0 -38.0
52.0 -40.0
53.0 -40.0
54.0 -40.0
53.0 -41.0
53.0 -42.0
54.0 -42.0
54.0 -35.0
55.0 -37.0
56.0 -38.0
55.0 -36.0
56.0 -36.0
57.0 -36.0
56.0 -35.0
54.0 -47.0
55.0 -48.0
55.0 -49.0
56.0 -50.0
56.0 -51.0
57.0 -52.0
57.0 -53.0
58.0 -54.0
58.0 -55.0
59.0 -56.0
56.0 -48.0
57.0 -48.0
57.0 -50.0
57.0 -49.0
58.0 -48.0
58.0 -47.0
56.0 -47.0
60.0 -47.0
61.0 -48.0
61.0 -49.0
62.0 -50.0
62.0 -48.0
63.0 -48.0
62.0 -47.0
59.0 -54.0
60.0 -54.0
58.0 -52.0
59.0 -52.0
60.0 -52.0
61.0 -52.0
59.0 -53.0
