10
5 203 1
1.5336632770777783
463 141 -1
1.1705230475797095
510 170 1
0.8948730665140681
71 50 -1
0.2864277596580379
212 249 1
0.4006734645898172
756 66 1
0.041078616971666204
187 94 1
0.19252224023374162
456 143 1
0.6731525318812279
592 229 -1
0.19002866395381818
372 167 1
0.18514130818106958
587 158 1
1.437457818627386
403 172 -1
0.9224434084517266
350 155 1
1.0507962942807956
775 160 1
0.6435477135153613
310 24 -1
0.26748470827679194
209 72 -1
0.5279976555855723
205 36 -1
0.3199405402779406
43 77 1
0.5654289954671028
400 236 -1
0.3971640022241594
597 15 -1
0.27447703027857684
476 84 1
1.5293412415517922
314 111 -1
0.6114124275494641
130 67 1
0.2868353226201959
652 170 -1
0.1146217028030058
635 46 1
0.24261372895872857
126 205 1
0.21238097283943821
57 84 -1
0.36253841081807775
149 77 1
0.3976621379340837
374 146 -1
0.6545890815328075
743 131 1
0.290973057513675
770 188 1
1.4958324526392044
68 0 -1
0.5669656631616358
606 154 1
0.4304113030654426
564 27 1
0.21505348472179991
184 86 1
0.42440771148469986
399 60 -1
0.3615896586737293
99 223 1
0.29809679328588856
435 80 -1
0.20215402825045017
375 199 1
0.17140613765549187
455 88 -1
0.3461202514710129
20 194 1
1.543744594117803
42 161 -1
0.6073381362470693
757 248 1
0.24968183607171543
299 13 1
0.28564459432021133
624 104 -1
0.43319325611706444
411 64 1
0.2708571248915899
194 56 1
0.37425644116719153
146 169 -1
0.1547965198613409
409 146 1
0.32865838222309623
568 46 -1
0.2573838375372372
672 169 1
1.5980221443336937
64 168 -1
0.6261892460041615
606 227 1
0.27299808316694973
669 154 1
0.030961562986564172
434 158 -1
0.23558898387510976
491 177 -1
0.12953648702142526
656 122 1
0.17617819664392806
588 184 1
0.0761952052030758
714 59 -1
0.06876953610690241
84 88 1
0.05436280731470052
135 158 1
1.504905923917568
215 231 -1
0.755450090599572
550 21 1
0.4969718164424187
367 33 1
0.5695563330477201
654 113 -1
0.6139604354095624
457 233 1
0.5253523583268183
107 252 1
0.14944028512512833
720 20 -1
0.0980703694620853
526 1 1
0.1497527747483882
492 179 -1
0.1870694427389345
58 121 1
1.4922750934540054
496 56 -1
0.7099900172829355
710 3 1
0.4523543717962045
360 169 -1
0.3635171728257946
492 50 1
0.19469135085841388
766 37 1
0.2455888951157253
123 192 -1
0.16294485167042252
205 27 1
0.30039131114715206
314 28 1
0.4578122953506128
218 26 -1
0.43486184675016265
84 206 1
1.5426189459589341
738 38 -1
0.6347403915905696
569 91 1
0.336561010980643
729 250 1
0.21613314349050422
739 213 -1
0.09309931246330819
327 156 1
0.21179541975836189
432 97 1
0.5572457797622306
338 88 1
0.13378312272812865
457 41 -1
0.3590082642796913
182 103 1
0.33010717124042555
334 244 1
1.5298341593969533
105 8 -1
0.6181667350033193
141 4 1
0.26343373922712227
99 112 -1
0.19125345539435745
615 161 1
0.14730058356612513
472 245 -1
0.07400577762866511
631 230 -1
0.09056232877364556
713 125 1
0.32642656334248676
416 46 -1
0.27894380170732896
345 178 1
0.382454505317286
